534.0 1081.0 977.0 1422.0 1271.0 1462.0 2027.0 2181.0 2491.0 2134.0
1082.0 973.0 1096.0 1084.0 1563.0 1475.0 1334.0 2066.0 1658.0 499.0
260.0 871.0 614.0 1008.0 661.0 899.0 1429.0 903.0 1588.0 1668.0
869.0 855.0 935.0 984.0 1352.0 1324.0 1305.0 1888.0 1680.0 498.0
4.0 0.0 6.5
5.5 0.0 5.0
10.0 2.5 5.475
5.5 5.5 4.8
11.5 7.5 1.7
8.5 8.0 1.5
3.5 12.5 2.4
13.0 18.0 0.75
5.5 18.5 1.0
0.0 11.5 11.0



926.0 1209.0 1763.0 1883.0 1222.0 1248.0 1427.0 1286.0 1257.0 2068.0
2063.0 1757.0 1676.0 2009.0 1817.0 2306.0 1973.0 1438.0 1943.0 2528.0
1083.0 1453.0 1829.0 1830.0 1187.0 1121.0 1429.0 1664.0 1655.0 947.0
1762.0 1582.0 1620.0 1977.0 1597.0 2028.0 1807.0 1314.0 1794.0 2300.0
9.5 1.0 3.0
4.5 2.0 5.0
3.0 8.5 6.5
4.0 10.5 3.0
9.5 5.0 6.75
11.0 6.0 1.875
7.0 6.0 4.0
1.0 1.0 8.0
0.0 0.0 0.0
16.0 16.0 5.5

237.0 1008.0 1635.0 2249.0 974.0 969.0 1215.0 1129.0 1076.0 1835.0 774.0 740.0 927.0 1614.0 2091.0
981.0 1158.0 1129.0 1795.0 1267.0 1806.0 1442.0 797.0 1334.0 2299.0 2289.0 771.0 1558.0 1647.0 1218.0
428.0 1307.0 1787.0 2174.0 1043.0 966.0 1321.0 1536.0 1501.0 938.0 610.0 1078.0 1213.0 1764.0 2271.0
714.0 1047.0 1108.0 1907.0 1088.0 1577.0 1318.0 733.0 1259.0 2040.0 1911.0 641.0 1406.0 1632.0 1294.0
14.0 1.0 10.0
4.5 2.0 5.0
3.0 8.5 6.5
4.0 16.0 2.0
9.5 5.0 7.0
11.0 6.0 2.0
7.0 6.0 4.0
1.0 1.0 8.0
0.0 0.0 0.0
16.0 16.0 5.5
15.5 7.0 0.0
6.5 0.0 9.5
5.5 1.5 0.0
2.5 9.0 0.0
0.0 12.5 15.5